RESULTS

# Avoiding one pattern

Number of inversion sequences of length n avoiding each pattern for n = 1,2,...,10.

pattern: number of sequences
000: 1, 2, 5, 19, 91, 531, 3641, 28673, 254871, 2523223
100: 1, 2, 6, 23, 109, 618, 4098, 31173, 267809, 2565520
110: 1, 2, 6, 23, 109, 618, 4098, 31173, 267809, 2565520
101: 1, 2, 6, 23, 109, 619, 4113, 31352, 269841, 2589026
010: 1, 2, 5, 17, 76, 417, 2701, 20199, 171329, 1624851
011: 1, 2, 5, 17, 75, 407, 2621, 19524, 165090, 1561900
001: 1, 2, 4, 11, 42, 210, 1292, 9352, 77505, 722294

012: 1, 2, 5, 17, 70, 349, 2017, 13358, 99377, 822041
201: 1, 2, 6, 24, 118, 684, 4548, 34036, 282696, 2577936
210: 1, 2, 6, 24, 118, 684, 4554, 34192, 285558, 2624496
120: 1, 2, 6, 23, 107, 582, 3622, 25369, 197523, 1692535
021: 1, 2, 6, 23, 107, 585, 3671, 25986, 204738, 1776327
102: 1, 2, 6, 22, 96, 492, 2902, 19350, 143918, 1181540

# Occurrences of each pattern

List of occurrences of each pattern.

List l=[a0, a1,...,an] for n = where ai is the number of inversion sequences of
length n with exactly i occurrences of the pattern p.

000:
[1]
[2, 0]
[5, 1, 0]
[19, 4, 1, 0]
[91, 23, 5, 1, 0]
[531, 146, 36, 6, 1, 0]
[3641, 1067, 272, 52, 7, 1, 0]
[28673, 8800, 2311, 456, 71, 8, 1, 0]
[254871, 81055, 21723, 4419, 709, 93, 9, 1, 0]
[2523223, 825382, 224650, 46654, 7720, 1042, 118, 10, 1, 0]

100:
[1]
[2, 0]
[6, 0, 0]
[23, 1, 0, 0]
[109, 11, 0, 0, 0]
[618, 102, 0, 0, 0, 0]
[4098, 930, 12, 0, 0, 0, 0]
[31173, 8862, 285, 0, 0, 0, 0, 0]
[267809, 90144, 4917, 10, 0, 0, 0, 0, 0]
[2565520, 986022, 76596, 662, 0, 0, 0, 0, 0, 0]

110:
[1]
[2, 0]
[6, 0, 0]
[23, 1, 0, 0]
[109, 11, 0, 0, 0]
[618, 102, 0, 0, 0, 0]
[4098, 930, 12, 0, 0, 0, 0]
[31173, 8862, 285, 0, 0, 0, 0, 0]
[267809, 90144, 4917, 10, 0, 0, 0, 0, 0]
[2565520, 986022, 76596, 662, 0, 0, 0, 0, 0, 0]

101:
[1]
[2, 0]
[6, 0, 0]
[23, 1, 0, 0]
[109, 11, 0, 0, 0]
[619, 100, 1, 0, 0, 0]
[4113, 900, 27, 0, 0, 0, 0]
[31352, 8505, 462, 1, 0, 0, 0, 0]
[269841, 86148, 6813, 78, 0, 0, 0, 0, 0]
[2589026, 940703, 96717, 2353, 1, 0, 0, 0, 0, 0]

010:
[1]
[2, 0]
[5, 1, 0]
[17, 7, 0, 0]
[76, 41, 3, 0, 0]
[417, 264, 39, 0, 0, 0]
[2701, 1939, 385, 15, 0, 0, 0]
[20199, 15986, 3839, 296, 0, 0, 0, 0]
[171329, 146451, 40728, 4267, 105, 0, 0, 0, 0]
[1624851, 1480263, 461439, 59409, 2838, 0, 0, 0, 0, 0]

001:
[1]
[2, 0]
[4, 2, 0]
[11, 13, 0, 0]
[42, 73, 5, 0, 0]
[210, 438, 72, 0, 0, 0]
[1292, 2956, 778, 14, 0, 0, 0]
[9352, 22649, 7934, 385, 0, 0, 0, 0]
[77505, 195558, 82803, 6972, 42, 0, 0, 0, 0]
[722294, 1882276, 912774, 109408, 2048, 0, 0, 0, 0, 0]

012:
[1]
[2, 0]
[5, 1, 0]
[17, 6, 1, 0]
[70, 41, 8, 1, 0]
[349, 274, 86, 10, 1, 0]
[2017, 2040, 803, 167, 12, 1, 0]
[13358, 16346, 8221, 2064, 316, 14, 1, 0]
[99377, 143571, 86214, 28143, 4961, 597, 16, 1, 0]
[822041, 1365354, 966114, 374166, 88482, 11486, 1138, 18, 1, 0]

201:
[1]
[2, 0]
[6, 0, 0]
[24, 0, 0, 0]
[118, 2, 0, 0, 0]
[684, 36, 0, 0, 0, 0]
[4548, 492, 0, 0, 0, 0, 0]
[34036, 6232, 52, 0, 0, 0, 0, 0]
[282696, 78144, 2040, 0, 0, 0, 0, 0, 0]
[2577936, 997344, 53424, 96, 0, 0, 0, 0, 0, 0]

210:
[1]
[2, 0]
[6, 0, 0]
[24, 0, 0, 0]
[118, 2, 0, 0, 0]
[684, 36, 0, 0, 0, 0]
[4554, 480, 6, 0, 0, 0, 0]
[34192, 5920, 208, 0, 0, 0, 0, 0]
[285558, 72474, 4794, 54, 0, 0, 0, 0, 0]
[2624496, 906972, 94500, 2820, 12, 0, 0, 0, 0, 0]

120:
[1]
[2, 0]
[6, 0, 0]
[23, 1, 0, 0]
[107, 13, 0, 0, 0]
[582, 138, 0, 0, 0, 0]
[3622, 1390, 28, 0, 0, 0, 0]
[25369, 14134, 817, 0, 0, 0, 0, 0]
[197523, 148560, 16719, 78, 0, 0, 0, 0, 0]
[1692535, 1632789, 297537, 5939, 0, 0, 0, 0, 0, 0]

021:
[1]
[2, 0]
[6, 0, 0]
[23, 1, 0, 0]
[107, 13, 0, 0, 0]
[585, 132, 3, 0, 0, 0]
[3671, 1292, 77, 0, 0, 0, 0]
[25986, 12915, 1404, 15, 0, 0, 0, 0]
[204738, 134763, 22668, 711, 0, 0, 0, 0, 0]
[1776327, 1480788, 350268, 21312, 105, 0, 0, 0, 0, 0]

102:
[1]
[2, 0]
[6, 0, 0]
[22, 2, 0, 0]
[96, 24, 0, 0, 0]
[492, 216, 12, 0, 0, 0]
[2902, 1876, 262, 0, 0, 0, 0]
[19350, 16874, 3962, 134, 0, 0, 0, 0]
[143918, 160314, 54018, 4630, 0, 0, 0, 0, 0]
[1181540, 1617788, 721596, 105604, 2272, 0, 0, 0, 0, 0]
